4.000000000000000000e+00
7.200000000000000000e+01
7.200000000000000000e+01
1.440000000000000000e+02
7.200000000000000000e+01
1.440000000000000000e+02
3.600000000000000000e+01
2.880000000000000000e+02
1.440000000000000000e+02
1.440000000000000000e+02
3.600000000000000000e+01
7.200000000000000000e+01
7.200000000000000000e+01
2.880000000000000000e+02
2.880000000000000000e+02
2.880000000000000000e+02
2.880000000000000000e+02
4.800000000000000000e+01
1.440000000000000000e+02
1.440000000000000000e+02
2.880000000000000000e+02
7.200000000000000000e+01
7.200000000000000000e+01
1.440000000000000000e+02
1.200000000000000000e+01
1.440000000000000000e+02
1.440000000000000000e+02
4.800000000000000000e+01
7.200000000000000000e+01
1.440000000000000000e+02
7.200000000000000000e+01
2.400000000000000000e+01
7.200000000000000000e+01
