4.000000000000000000e+00
8.400000000000000000e+01
8.400000000000000000e+01
1.680000000000000000e+02
8.400000000000000000e+01
1.680000000000000000e+02
8.400000000000000000e+01
3.360000000000000000e+02
1.680000000000000000e+02
1.680000000000000000e+02
8.400000000000000000e+01
1.680000000000000000e+02
1.680000000000000000e+02
3.360000000000000000e+02
3.360000000000000000e+02
3.360000000000000000e+02
3.360000000000000000e+02
1.680000000000000000e+02
3.360000000000000000e+02
1.680000000000000000e+02
3.360000000000000000e+02
1.680000000000000000e+02
3.360000000000000000e+02
1.680000000000000000e+02
1.680000000000000000e+02
1.680000000000000000e+02
8.400000000000000000e+01
3.360000000000000000e+02
1.680000000000000000e+02
1.680000000000000000e+02
8.400000000000000000e+01
3.360000000000000000e+02
1.680000000000000000e+02
3.360000000000000000e+02
3.360000000000000000e+02
3.360000000000000000e+02
1.680000000000000000e+02
1.680000000000000000e+02
3.360000000000000000e+02
3.360000000000000000e+02
3.360000000000000000e+02
3.360000000000000000e+02
3.360000000000000000e+02
3.360000000000000000e+02
3.360000000000000000e+02
3.360000000000000000e+02
1.680000000000000000e+02
1.680000000000000000e+02
3.360000000000000000e+02
1.680000000000000000e+02
1.680000000000000000e+02
1.680000000000000000e+02
3.360000000000000000e+02
1.680000000000000000e+02
1.680000000000000000e+02
1.680000000000000000e+02
1.680000000000000000e+02
3.360000000000000000e+02
1.680000000000000000e+02
3.360000000000000000e+02
3.360000000000000000e+02
1.680000000000000000e+02
1.680000000000000000e+02
1.680000000000000000e+02
1.680000000000000000e+02
1.680000000000000000e+02
3.360000000000000000e+02
1.680000000000000000e+02
1.680000000000000000e+02
3.360000000000000000e+02
1.680000000000000000e+02
3.360000000000000000e+02
1.680000000000000000e+02
